39.0
39.4
39.4
39.4
39.5
39.7
39.8
39.8
39.9
39.9
39.9
40.0
40.0
40.1
40.1
40.1
40.1
40.1
40.2
40.2
40.2
40.2
40.2
40.3
40.3
40.3
40.3
40.3
40.3
40.3
40.3
40.3
40.3
40.4
40.4
40.4
40.4
40.5
40.5
40.5
40.5
40.5
40.5
40.5
40.5
40.5
40.5
40.5
40.6
40.6
40.6
40.6
40.6
40.7
40.7
40.7
40.8
40.8
40.8
40.8
40.8
40.8
40.8
40.8
40.8
40.9
40.9
40.9
40.9
40.9
40.9
40.9
40.9
40.9
41.0
41.0
41.0
41.0
41.0
41.0
41.0
41.0
41.0
41.0
41.1
41.1
41.1
41.1
41.1
41.1
41.1
41.1
41.1
41.1
41.1
41.1
41.1
41.1
41.1
41.1
41.2
41.2
41.2
41.2
41.2
41.2
41.2
41.2
41.2
41.2
41.3
41.3
41.3
41.3
41.3
41.3
41.3
41.3
41.3
41.3
41.3
41.3
41.4
41.4
41.4
41.4
41.4
41.4
41.4
41.5
41.5
41.5
41.5
41.5
41.5
41.5
41.5
41.5
41.5
41.5
41.6
41.6
41.6
41.6
41.6
41.6
41.6
41.6
41.7
41.7
41.7
41.7
41.7
41.7
41.7
41.8
41.8
41.8
41.8
41.8
41.8
41.8
41.8
41.9
41.9
41.9
41.9
41.9
41.9
42.0
42.0
42.0
42.0
42.1
42.1
42.1
42.1
42.1
42.1
42.1
42.1
42.1
42.1
42.1
42.1
42.1
42.1
42.1
42.2
42.2
42.2
42.2
42.2
42.2
42.2
42.2
42.3
42.3
42.3
42.3
42.3
42.3
42.3
42.3
42.3
42.3
42.3
42.3
42.4
42.4
42.4
42.4
42.4
42.4
42.5
42.5
42.5
42.5
42.5
42.5
42.5
42.5
42.5
42.6
42.6
42.6
42.6
42.6
42.6
42.7
42.7
42.7
42.7
42.8
42.8
42.8
42.8
42.8
42.9
42.9
42.9
42.9
42.9
42.9
42.9
42.9
43.0
43.0
43.0
43.0
43.0
43.0
43.1
43.1
43.1
43.1
43.1
43.2
43.2
43.2
43.2
43.3
43.3
43.3
43.3
43.3
43.3
43.3
43.4
43.4
43.4
43.4
43.4
43.4
43.5
43.5
43.5
43.6
43.6
43.6
43.6
43.6
43.6
43.7
43.7
43.7
43.7
43.7
43.8
43.8
43.8
43.8
43.8
43.8
43.8
43.8
43.8
43.8
43.9
43.9
43.9
43.9
43.9
44.0
44.0
44.0
44.0
44.0
44.0
44.1
44.1
44.1
44.2
44.2
44.2
44.2
44.3
44.3
44.3
44.3
44.3
44.4
44.4
44.4
44.4
44.5
44.5
44.5
44.5
44.5
44.5
44.5
44.5
44.5
44.6
44.6
44.7
44.7
44.8
44.8
44.8
44.9
44.9
44.9
44.9
45.0
45.0
45.0
45.0
45.1
45.1
45.1
45.2
45.2
45.2
45.2
45.2
45.3
45.3
45.3
45.3
45.4
45.4
45.5
45.5
45.5
45.6
45.6
45.6
45.6
45.6
45.6
45.6
45.7
45.7
45.8
45.8
45.9
45.9
45.9
45.9
45.9
45.9
45.9
45.9
46.0
46.0
46.1
46.1
46.1
46.1
46.1
46.2
46.2
46.2
46.2
46.3
46.3
46.4
46.4
46.4
46.4
46.4
46.4
46.4
46.4
46.6
46.6
46.6
46.6
46.6
46.7
46.7
46.8
46.8
46.8
46.8
46.8
46.9
47.0
47.0
47.0
47.0
47.0
47.2
47.2
47.2
47.2
47.2
47.3
47.3
47.3
47.3
47.3
47.4
47.4
47.4
47.5
47.5
47.6
47.6
47.6
47.8
47.8
47.8
47.9
47.9
47.9
48.0
48.0
48.1
48.1
48.1
48.3
48.3
48.3
48.4
48.5
48.6
48.6
48.6
48.8
48.8
48.8
48.9
48.9
49.0
49.1
49.1
49.1
49.1
49.1
49.2
49.2
49.2
49.2
49.2
49.2
49.3
49.3
49.4
49.4
49.4
49.4
49.4
49.4
49.5
49.6
49.6
49.7
49.7
49.7
49.8
49.8
49.8
49.8
49.8
49.9
50.0
50.0
50.1
50.1
50.1
50.2
50.2
50.2
50.2
50.2
50.3
50.4
50.4
50.4
50.5
50.5
50.5
50.6
50.6
50.6
50.6
50.6
50.7
50.7
50.7
50.8
50.8
50.9
50.9
50.9
51.0
51.0
51.0
51.0
51.1
51.3
51.3
51.3
51.4
51.4
51.4
51.4
51.4
51.5
51.5
51.5
51.5
51.6
51.6
51.6
51.6
51.6
51.6
51.7
51.7
51.7
51.7
51.7
51.7
51.7
51.8
51.8
51.8
51.8
51.8
51.8
51.9
51.9
52.0
52.0
52.0
52.0
52.1
52.2
52.2
52.3
52.3
52.3
52.3
52.3
52.4
52.4
52.4
52.4
52.5
52.5
52.5
52.5
52.5
52.5
52.6
52.7
52.7
52.8
52.8
52.9
52.9
53.0
53.0
53.0
53.1
53.2
53.2
53.3
53.3
53.3
53.4
53.4
53.4
53.4
53.5
53.5
53.5
53.5
53.6
53.6
53.6
53.6
53.8
53.8
53.8
53.8
53.8
53.9
53.9
53.9
53.9
54.0
54.0
54.1
54.1
54.1
54.1
54.2
54.2
54.3
54.3
54.3
54.4
54.4
54.4
54.5
54.5
54.5
54.5
54.5
54.5
54.5
54.6
54.6
54.6
54.6
54.7
54.7
54.8
54.8
54.8
54.9
54.9
54.9
55.0
55.0
55.1
55.1
55.1
55.2
55.2
55.3
55.3
55.3
55.5
55.6
55.6
55.6
55.7
55.7
55.7
55.7
55.7
55.8
55.8
55.8
55.8
55.9
55.9
56.0
56.0
56.1
56.1
56.1
56.1
56.2
56.2
56.3
56.3
56.3
56.3
56.3
56.4
56.4
56.4
56.5
56.5
56.5
56.5
56.5
56.5
56.5
56.5
56.5
56.6
56.6
56.6
56.6
56.6
56.6
56.7
56.7
56.7
56.8
56.8
56.8
56.8
56.9
56.9
57.0
57.0
57.1
57.1
57.1
57.1
57.2
57.3
57.3
57.3
57.3
57.4
57.4
57.4
57.5
57.6
57.7
57.7
57.7
57.7
57.7
57.8
57.8
57.8
57.8
57.9
57.9
58.0
58.0
58.0
58.0
58.0
58.1
58.2
58.2
58.2
58.2
58.4
58.4
58.4
58.5
58.5
58.6
58.6
58.8
58.8
58.8
58.8
58.9
58.9
58.9
59.0
59.0
59.0
59.1
59.2
59.2
59.3
59.3
59.3
59.3
59.4
59.4
59.4
59.5
59.6
59.7
59.7
59.7
59.8
59.8
59.9
59.9
59.9
59.9
60.0
60.0
60.0
60.1
60.1
60.1
60.2
60.2
60.3
60.3
60.3
60.3
60.3
60.3
60.3
60.5
60.6
60.6
60.7
60.7
60.7
60.7
60.7
60.8
60.8
60.9
60.9
60.9
60.9
60.9
60.9
61.0
61.0
61.0
61.0
61.0
61.0
61.1
61.2
61.2
61.2
61.2
61.2
61.4
61.4
61.4
61.5
61.5
61.5
61.6
61.6
61.7
61.7
61.7
61.7
61.7
61.8
61.8
61.8
61.8
61.8
61.9
61.9
61.9
62.0
62.0
62.0
62.1
62.1
62.1
62.2
62.2
62.3
62.3
62.3
62.3
62.3
62.4
62.5
62.5
62.5
62.5
62.5
62.6
62.6
62.7
62.7
62.7
62.7
62.7
62.7
62.8
62.8
62.8
62.9
63.0
63.0
63.0
63.1
63.1
63.2
63.2
63.2
63.3
63.3
63.4
63.4
63.5
63.5
63.5
63.6
63.6
63.6
63.7
63.7
63.7
63.7
63.8
63.8
63.8
63.8
63.8
63.8
63.9
63.9
63.9
63.9
64.0
64.0
64.0
64.0
64.0
64.0
64.0
64.1
64.1
64.1
64.2
64.2
64.3
64.3
64.4
64.5
64.6
64.6
64.6
64.6
64.7
64.8
64.8
64.8
64.8
64.8
64.9
64.9
64.9
65.0
65.0
65.1
65.1
65.1
65.1
65.1
65.3
65.3
65.3
65.3
65.4
65.4
65.4
65.4
65.5
65.5
65.5
65.5
65.5
65.5
65.5
65.5
65.5
65.5
65.6
65.6
65.6
65.8
65.8
65.8
65.8
65.9
65.9
66.0
66.0
66.1
66.1
66.2
66.2
66.3
66.4
66.4
66.5
66.5
66.5
66.5
66.5
66.6
66.6
66.7
66.7
66.8
66.9
66.9
66.9
67.0
67.0
67.0
67.1
67.1
67.3
67.3
67.3
67.4
67.5
67.6
67.6
67.7
67.8
67.8
67.8
68.0
68.1
68.1
68.1
68.2
68.2
68.4
68.5
68.6
68.6
68.6
68.6
68.7
68.8
68.8
68.9
68.9
69.0
69.1
69.1
69.3
69.4
69.5
69.6
69.8
69.9
70.1
70.2
70.2
70.3
70.3
70.3
70.3
70.6
70.7
71.0
71.0
71.3
71.5
71.6
71.7
71.7
71.8
72.2
72.3
72.3
72.3
72.3
72.5
72.5
72.6
72.6
72.8
72.9
73.0
73.0
73.2
73.4
73.4
73.6
73.7
73.7
73.7
73.9
74.0
74.0
74.1
74.1
74.1
74.4
74.5
74.5
74.6
74.7
74.9
75.1
75.2
75.2
75.3
75.4
75.4
75.5
75.8
75.9
76.0
76.1
76.2
76.2
76.3
76.3
76.3
76.4
76.4
76.4
76.4
76.8
77.0
77.1
77.1
77.2
77.2
77.3
77.9
78.0
78.2
78.5
78.6
78.6
78.7
78.8
78.8
78.8
78.9
79.3
79.5
80.0
80.1
80.1
80.1
80.3
80.3
80.9
81.0
81.3
81.6
81.7
81.9
81.9
82.0
82.0
82.3
82.3
82.5
82.6
82.7
82.7
82.9
83.2
83.2
83.5
83.8
83.8
83.8
83.9
83.9
84.1
84.3
84.3
85.2
85.5
85.6
85.8
85.8
86.2
86.3
86.4
86.7
86.8
86.9
87.2
87.3
87.4
87.4
87.6
87.7
87.9
87.9
87.9
88.0
88.0
88.0
88.1
88.2
88.3
88.5
88.6
88.7
88.7
88.9
89.1
89.1
89.7
89.7
89.7
90.6
91.0
91.2
91.8
92.0
92.6
93.1
93.5
94.1
94.3
95.2
95.9
96.4
96.9
97.3
98.0
98.3
99.9
101
106
106
106
109
110
111
111
112
116
126
129
129
131
138
139
139
140
142
144
145
146
154
155
170
204
229
264
291
472
680
